<?xml version="1.0"?>
<opencv_storage>
<distCoeffs type_id="opencv-matrix">
  <rows>1</rows>
  <cols>5</cols>
  <dt>d</dt>
  <data>
    -1.1745905522184350e+00 3.0014312476231332e+01
    -1.8499488191503998e-02 -3.3573974545508247e-03
    -3.2672633168601703e+02</data></distCoeffs>
</opencv_storage>
