<?xml version="1.0"?>
<opencv_storage>
<laserPlaneParameter>
  -9.29238722e-02 -1.35896170e+00 -1. 1.01706047e+02</laserPlaneParameter>
</opencv_storage>
