<?xml version="1.0"?>
<opencv_storage>
<tvecs>
  <_ type_id="opencv-matrix">
    <rows>3</rows>
    <cols>1</cols>
    <dt>d</dt>
    <data>
      -1.8035651508047710e+00 3.3612783153851553e+00
      1.0266282238741037e+02</data></_>
  <_ type_id="opencv-matrix">
    <rows>3</rows>
    <cols>1</cols>
    <dt>d</dt>
    <data>
      3.3184642033948042e-01 -1.9009603820617347e+00
      1.0895102341364507e+02</data></_>
  <_ type_id="opencv-matrix">
    <rows>3</rows>
    <cols>1</cols>
    <dt>d</dt>
    <data>
      4.5003285551191592e+00 2.7669661573316731e+00
      1.0555224122111599e+02</data></_>
  <_ type_id="opencv-matrix">
    <rows>3</rows>
    <cols>1</cols>
    <dt>d</dt>
    <data>
      1.1543054296051276e+00 1.8966366479813945e+00
      1.0580180695495066e+02</data></_>
  <_ type_id="opencv-matrix">
    <rows>3</rows>
    <cols>1</cols>
    <dt>d</dt>
    <data>
      6.4925154150265891e+00 -1.5096459999959582e+00
      1.0653029970915836e+02</data></_>
  <_ type_id="opencv-matrix">
    <rows>3</rows>
    <cols>1</cols>
    <dt>d</dt>
    <data>
      1.1439612116720439e-01 -6.0367136231672403e-01
      1.0419334266005042e+02</data></_>
  <_ type_id="opencv-matrix">
    <rows>3</rows>
    <cols>1</cols>
    <dt>d</dt>
    <data>
      2.1720564408682522e-01 5.4975588698139388e-01
      1.0432932922360695e+02</data></_>
  <_ type_id="opencv-matrix">
    <rows>3</rows>
    <cols>1</cols>
    <dt>d</dt>
    <data>
      5.6827057538125878e+00 -1.2531252061597469e+00
      1.0467035892585483e+02</data></_>
  <_ type_id="opencv-matrix">
    <rows>3</rows>
    <cols>1</cols>
    <dt>d</dt>
    <data>
      5.8708667311388050e+00 -3.7541945071305227e-01
      1.0545280886958624e+02</data></_>
  <_ type_id="opencv-matrix">
    <rows>3</rows>
    <cols>1</cols>
    <dt>d</dt>
    <data>
      6.9770638411946562e-01 5.0598408375884200e-03
      1.0578968302082559e+02</data></_>
  <_ type_id="opencv-matrix">
    <rows>3</rows>
    <cols>1</cols>
    <dt>d</dt>
    <data>
      2.7272929025523887e+00 -9.8246864899932174e-01
      1.0659810185475449e+02</data></_>
  <_ type_id="opencv-matrix">
    <rows>3</rows>
    <cols>1</cols>
    <dt>d</dt>
    <data>
      2.6777182184745731e+00 -1.1894150977758708e+00
      1.0536247459788660e+02</data></_>
  <_ type_id="opencv-matrix">
    <rows>3</rows>
    <cols>1</cols>
    <dt>d</dt>
    <data>
      4.5539046525896767e+00 -1.5591849511383162e+00
      1.0718851739881705e+02</data></_>
  <_ type_id="opencv-matrix">
    <rows>3</rows>
    <cols>1</cols>
    <dt>d</dt>
    <data>
      4.1567358177384168e+00 2.7448335764605876e+00
      1.0484596421532838e+02</data></_>
  <_ type_id="opencv-matrix">
    <rows>3</rows>
    <cols>1</cols>
    <dt>d</dt>
    <data>
      2.9229661341761419e+00 -1.4264262920337014e+00
      1.0818787345918646e+02</data></_></tvecs>
</opencv_storage>
