<?xml version="1.0"?>
<opencv_storage>
<laserPlaneParameter>
  -1.97270587e-02 -1.19655561e+00 -1. 9.20775833e+01</laserPlaneParameter>
</opencv_storage>
